TOKEN=#########,#########

EXECUTION_INTERVAL_MINUTES=15
LATITUDE=-26.764048609132622
LONGITUDE=-52.853967590747274